image_width: 1280
image_height: 720
camera_name: test_camera
camera_matrix:
  rows: 3
  cols: 3
  data: [902.47682773, 0.000000, 897.82793363, 0.000000, 908.83733056, 533.05892989, 0.000000, 0.000000, 1.000000]
distortion_model: plumb_bob
distortion_coefficients:
  rows: 1
  cols: 5
  data: [-0.26918911, 0.06876152, -0.003552, -0.00050509, -0.00738828]
rectification_matrix:
  rows: 3
  cols: 3
  data: [0.999978, 0.002789, -0.006046, -0.002816, 0.999986, -0.004401, 0.006034, 0.004417, 0.999972]
projection_matrix:
  rows: 3
  cols: 4
  data: [393.653800, 0.000000, 322.797939, 0.000000, 0.000000, 393.653800, 241.090902, 0.000000, 0.000000, 0.000000, 1.000000, 0.000000]